$ANSIBLE_VAULT;1.1;AES256
37313061306530353336323130313338316233643662646366663164386430356235613332663264
3964633864306437316137323766613033383538643964340a376664646634653131313137623762
39373435363438376136623166393133323165666139346435323536343132313761623737646131
3166626332316163350a383431303966343462333130353035373636303238386538626232323265
36363534343330326564393066363835666463326462363832316639663637623233643139376163
63623333326432303131663362333834393562313032303466356335386230383064616636343363
65303266663837386435333363373539613231313432363365336339663166643163363262366330
38373239303061633738626537366631356262613532623133346566313866636630653530653561
31393261326332376162353861343339396639356539333938373032633562383430336365646363
31663838343835633733333238366365303662336334663537623132633032663466653563633333
63636332306566663930323135376433373666646631646333386238356431353130346263636164
39366562383535396536303937373633353462333531626565333630656333313438386361623835
37373138646365653338393163653635663834363537656234313163326563643366393138336138
61656637313031623333313831643365666637623366656362323239353634313434323566636132
34343136376265303566633563333864346339653331343462373065336236356536663263346234
61636437643431643037643163626663393239363566356261363630643331616632396132396536
38323434653666333232623236323438383937313861353162363436616132633738656431346631
34393664346433303439383930633463643439646465643161626265663266343032653532666235
37366365363361323162373266326463653934636334623565383762383262326562366564353662
36316636663866303334663865323666396436333036356132663630653863303064383235633638
65373961653466633734353430623232656336353464336466303433633030336338663135643630
36343563313339316632356538373061353030633663313361373039343265356331643839643861
38306162656564383766616135323130373633363737336337396364646338643462346465386162
64326236306130306436616434373132623837393331346335653534363836386130303035616662
33643435366336393439316461313036623737326131333262323632333230396235333932366261
38393463383463303634303135393863343537303836383138653534346364646635633363633565
62366635383833386265633932333161333637626262393330613031643761373334643763613865
37383233633266616139376333616237356334393932636136613234353435643133323962643863
3831
